image_00000 222 264 245 295
image_00001 223 262 244 294
image_00002 223 264 244 295
image_00003 224 261 245 295
image_00004 223 260 246 296
image_00005 223 262 246 298
image_00006 222 259 247 297
image_00007 221 258 247 298
image_00008 222 259 246 297
image_00009 220 259 247 298
image_00010 220 258 247 299
image_00011 222 259 246 299
image_00012 219 259 246 299
image_00013 219 239 255 298
image_00014 221 237 254 301
image_00015 222 236 257 301
image_00016 222 237 259 301
image_00017 217 238 261 301
image_00018 218 241 262 301
image_00019 219 243 263 302
image_00020 216 244 264 303
image_00021 218 244 264 301
image_00022 217 244 264 303
image_00023 219 241 264 302
image_00024 217 241 264 302
image_00025 217 242 265 302
image_00026 219 243 263 303
image_00027 219 244 263 304
image_00028 218 244 262 304
image_00029 217 233 264 305
image_00030 235 232 265 305
image_00031 236 233 264 304
image_00032 239 234 263 306
image_00033 238 233 264 305
image_00034 241 236 275 306
image_00035 241 234 274 307
image_00036 241 236 273 308
image_00037 240 233 273 307
image_00038 240 234 271 306
image_00039 239 233 271 307
image_00040 240 238 269 306
image_00041 240 234 271 307
image_00042 239 237 271 306
image_00043 237 237 272 308
image_00044 235 237 270 306
image_00045 235 238 270 306
image_00046 233 241 269 307
image_00047 247 238 271 271
image_00048 248 238 271 271
image_00049 249 237 270 270
image_00050 251 240 270 267
image_00051 253 241 270 266
image_00052 254 241 270 266
image_00053 253 241 270 266
image_00054 253 240 270 265
image_00055 253 242 270 263
image_00056 254 242 268 262
image_00057 254 241 267 261
image_00058 256 241 266 259
image_00059 257 241 266 258
image_00060 257 242 267 258
image_00061 256 242 267 259
image_00062 256 242 267 258
image_00063 255 240 266 258
